1_4.swf       1          22893          22893    4 
Scene 2                                0             0                     0
Scene 1                                0             0                     0

clxx                                   0             0                     0
                                 0             0                     0
car                                    0             0                     0
                                 0             0                     0
                                   0             0                     0
                                    0             0                     0
                                   0             0                     0
url                                    0             0                     0
                                  0             0                     0
                                  0             0                     0
                                  0             0                     0
                                  0             0                     0
                                     0             0                     0
Symbol 14                              0             0                     0
9                                      0             0                     0
8                                      0             0                     0
7                                      0             0                     0
6                                      0             0                     0
5                                      0             0                     0
4                                    282             0                     0
3                                      0             0                     0
2                                      0             0                     0
1                                      0             0                     0
button                                 0             0                     0
mc                                     0             0                     0
                                   0             0                     0
                                     0             0                     0

4.jpg                          22575      720000   



