1_kh.swf       1           2698           2698    kh       2             21           2719    
      3             21           2740    
      4             21           2761    
      5             22           2783    
      6             22           2805    
      7             22           2827    
      8             22           2849    
      9             22           2871    
     10             22           2893    
     11             22           2915    
     12             22           2937    
     13             22           2959    
     14             22           2981    
     15             22           3003    
     16             22           3025    
     17             22           3047    
     18             22           3069    
     19             22           3091    
     20             22           3113    

Scene 2                                0             0                     0
Scene 1                                0             0                     0

khxx                                   0             0                     0
kh                                     0            42                     0
                                     0             0                     0
clxx                                   0             0                     0
                                 0             0                     0
car                                    0             0                     0
                                 0             0                     0
                                   0             0                     0
                                    0             0                     0
                                   0             0                     0
url                                    0             0                     0
                                  0             0                     0
                                  0             0                     0
                                  0             0                     0
                                  0             0                     0
                                     0             0                     0
Symbol 14                              0             0                     0
9                                      0             0                     0
8                                      0             0                     0
7                                      0             0                     0
6                                      0             0                     0
5                                      0             0                     0
4                                      0             0                     0
3                                      0             0                     0
2                                      0             0                     0
1                                      0             0                     0
button                                 0             0                     0
mc                                     0             0                     0
                                   0             0                     0
                                     0             0                     0

                        2602    O



