1_Scene 2.swf       1          10414          10414    Scene 2       2             36          10450    
      3             36          10486    
      4             36          10522    
      5             36          10558    
      6             36          10594    
      7             36          10630    
      8             36          10666    
      9             36          10702    
     10             36          10738    
     11             36          10774    
     12             35          10809    
     13             36          10845    
     14             36          10881    
     15             36          10917    
     16             36          10953    
     17             36          10989    
     18             36          11025    
     19             36          11061    
     20             36          11097    
     21             37          11134    
     22             36          11170    
     23             36          11206    
     24             36          11242    
     25             37          11279    
     26             36          11315    
     27             36          11351    
     28             36          11387    
     29             37          11424    
     30             36          11460    
     31             36          11496    
     32             37          11533    
     33             37          11570    
     34             36          11606    
     35             36          11642    
     36             37          11679    
     37             36          11715    
     38             32          11747    
     39             36          11783    
     40             37          11820    
     41             36          11856    
     42             36          11892    
     43             37          11929    
     44             37          11966    
     45             36          12002    
     46             36          12038    
     47             37          12075    
     48             36          12111    
     49             36          12147    
     50             36          12183    
     51             37          12220    
     52             36          12256    
     53             36          12292    
     54             36          12328    
     55             37          12365    
     56             36          12401    
     57             36          12437    
     58             37          12474    
     59             37          12511    
     60             36          12547    
     61             37          12584    
     62             37          12621    
     63             37          12658    
     64             36          12694    
     65             37          12731    
     66             37          12768    
     67             37          12805    
     68             36          12841    
     69             37          12878    
     70             37          12915    
     71             36          12951    
     72             37          12988    
     73             37          13025    
     74             37          13062    
     75             22          13084    

Scene 2                               66             0                     0
Scene 1                                0             0                     0

                                   0             0                     0
                                   40             0                     0
                                   0             0                     0
url                                    0             0                     0
                                  0             0                     0
                                  0             0                     0
                                  0             0                     0
                                  0             0                     0
                                     0             0                     0
Symbol 14                              0             0                     0
9                                      0             0                     0
8                                      0             0                     0
7                                      0             0                     0
6                                      0             0                     0
5                                      0             0                     0
4                                      0             0                     0
3                                      0             0                     0
2                                      0             0                     0
1                                      0             0                     0
button                                 0             0                     0
mc                                     0             0                     0
                                   0             0                     0
                                     0             0                     0

                          10186      139104   JPEG 



