1_      1           2878           2878          2             21           2899    
      3             21           2920    
      4             21           2941    
      5             21           2962    
      6             21           2983    
      7             22           3005    
      8             22           3027    
      9             22           3049    
     10             22           3071    
     11             22           3093    
     12             22           3115    
     13             22           3137    
     14             22           3159    
     15             22           3181    
     16             22           3203    
     17             22           3225    
     18             22           3247    
     19             22           3269    
     20             22           3291    

Scene 2                                0             0                     0
Scene 1                                0             0                     0

clxx                                   0            42                     0
                                 0             0                     0
car                                    0             0                     0
                                 0             0                     0
                                   0             0                     0
                                    0             0                     0
                                   0             0                     0
url                                    0             0                     0
                                  0             0                     0
                                  0             0                     0
                                  0             0                     0
                                  0             0                     0
                                     0             0                     0
Symbol 14                              0             0                     0
9                                      0             0                     0
8                                      0             0                     0
7                                      0             0                     0
6                                      0             0                     0
5                                      0             0                     0
4                                      0             0                     0
3                                      0             0                     0
2                                      0             0                     0
1                                      0             0                     0
button                                 0             0                     0
mc                                     0             0                     0
                                   0             0                     0
                                     0             0                     0

                        2782    O



