2.swf 影片报告



帧 #    帧 字节    总共 字节    场景

    
    
    

      1          10390          10390    Scene 2 (AS 2.0 类导出帧)
      2             36          10426    
      3             36          10462    
      4             36          10498    
      5             36          10534    
      6             36          10570    
      7             36          10606    
      8             36          10642    
      9             35          10677    
     10             36          10713    
     11             36          10749    
     12             36          10785    
     13             36          10821    
     14             36          10857    
     15             36          10893    
     16             36          10929    
     17             36          10965    
     18             36          11001    
     19             36          11037    
     20             36          11073    
     21             36          11109    
     22             36          11145    
     23             36          11181    
     24             35          11216    
     25             36          11252    
     26             36          11288    
     27             36          11324    
     28             36          11360    
     29             36          11396    
     30             36          11432    
     31             36          11468    
     32             35          11503    
     33             36          11539    
     34             36          11575    
     35             36          11611    
     36             36          11647    
     37             36          11683    
     38             36          11719    
     39             36          11755    
     40             36          11791    
     41             36          11827    
     42             36          11863    
     43             37          11900    
     44             37          11937    
     45             36          11973    
     46             36          12009    
     47             36          12045    
     48             36          12081    
     49             36          12117    
     50             37          12154    
     51             37          12191    
     52             37          12228    
     53             36          12264    
     54             36          12300    
     55             35          12335    
     56             36          12371    
     57             36          12407    
     58             37          12444    
     59             37          12481    
     60             37          12518    
     61             36          12554    
     62             36          12590    
     63             36          12626    
     64             36          12662    
     65             36          12698    
     66             37          12735    
     67             37          12772    
     68             36          12808    
     69             36          12844    
     70             36          12880    
     71             36          12916    
     72             36          12952    
     73             37          12989    
     74             37          13026    
     75             37          13063    
     76             36          13099    
     77             36          13135    
     78             32          13167    
     79             36          13203    
     80             36          13239    
     81             37          13276    
     82             37          13313    
     83             37          13350    
     84             36          13386    
     85             36          13422    
     86             36          13458    
     87             36          13494    
     88             36          13530    
     89             37          13567    
     90             37          13604    
     91             36          13640    
     92             36          13676    
     93             36          13712    
     94             36          13748    
     95             36          13784    
     96             37          13821    
     97             37          13858    
     98             37          13895    
     99             36          13931    
    100             36          13967    
    101             35          14002    
    102             36          14038    
    103             36          14074    
    104             37          14111    
    105             37          14148    
    106             37          14185    
    107             36          14221    
    108             36          14257    
    109             36          14293    
    110             36          14329    
    111             36          14365    
    112             37          14402    
    113             37          14439    
    114             36          14475    
    115             36          14511    
    116             36          14547    
    117             36          14583    
    118             37          14620    
    119             37          14657    
    120             37          14694    
    121             37          14731    
    122             37          14768    
    123             36          14804    
    124             36          14840    
    125             36          14876    
    126             37          14913    
    127             37          14950    
    128             37          14987    
    129             37          15024    
    130             37          15061    
    131             36          15097    
    132             36          15133    
    133             36          15169    
    134             37          15206    
    135             37          15243    
    136             37          15280    
    137             37          15317    
    138             37          15354    
    139             36          15390    
    140             36          15426    
    141             37          15463    
    142             37          15500    
    143             37          15537    
    144             37          15574    
    145             37          15611    
    146             37          15648    
    147             36          15684    
    148             36          15720    
    149             37          15757    
    150             37          15794    
    151             37          15831    
    152             37          15868    
    153             37          15905    
    154             36          15941    
    155             22          15963    
    156         135260         151223    Scene 1

场景                        形状 字节    文本 字节    ActionScript 字节

    
    
    

Scene 2                               42             0                     0
Scene 1                                0             0                   221

符号                       形状 字节    文本 字节    ActionScript 字节

    
    
    

补间 2                               0             0                     0
进度条                             40             0                     0
补间 1                               0             0                     0
url                                    0            41                     0
元件 33                              0             0                     0
元件 32                              0             0                     0
元件 20                              0             0                     0
元件 19                              0             0                     0
导航                                 0             0                     0
Symbol 14                              0             0                     0
9                                      0             0                     0
8                                     50             0                     0
7                                      0             0                     0
6                                     50             0                     0
5                                   2725             0                     0
4                                     50             0                     0
3                                      0             0                     0
2                                      0             0                     0
1                                      0             0                     0
button                                67             0                     0
mc                                     0             0                   190
光晕动画                           0             0                     0
光晕                               120             0                     0

字体名称                 字节        字符    

    
    

Arial                            21    

ActionScript 字节    位置

    

                 2    Scene 1:Layer 5:1
               161    mc:Layer 2:1
                22    mc:Layer 1:1:未指定实例名称(url)
                 7    mc:Layer 2:2
                43    Scene 1:Layer 5:1:未指定实例名称(button)
                43    Scene 1:Layer 5:1:未指定实例名称(button)
                47    Scene 1:Layer 5:1:未指定实例名称(button)
                43    Scene 1:Layer 5:1:未指定实例名称(button)
                43    Scene 1:Layer 5:1:a(button)

位图                     压缩后    压缩

    
  
  

位图 26                      10186      139104   JPEG 品质=80
位图 29                      16029      480000   JPEG 品质=80
4.jpg                          22575      720000   导入的 JPEG=102
位图 30                      13393      480000   JPEG 品质=80
5.jpg                          12373      723604   导入的 JPEG=102
6.jpg                          23915      722400   导入的 JPEG=102
8.jpg                          25535      721200   导入的 JPEG=102
位图 15                       3992       88000   JPEG 品质=80
位图 27                      11707      136884   JPEG 品质=80




